 2.50000000e+01 3.61190471e-01
 7.50000000e+01 4.13597502e-01
 1.25000000e+02 4.84803352e-01
 1.75000000e+02 6.14224091e-01
 2.25000000e+02 7.58950674e-01
 2.75000000e+02 9.13567762e-01
 3.25000000e+02 1.14853584e+00
 3.75000000e+02 1.49963089e+00
 4.25000000e+02 2.10691464e+00
 4.75000000e+02 2.43769109e+00
 5.25000000e+02 2.59202075e+00
 5.75000000e+02 2.03699164e+00
 6.25000000e+02 1.53032248e+00
 6.75000000e+02 1.19005074e+00
 7.25000000e+02 9.67944334e-01
 7.75000000e+02 7.16809134e-01
 8.25000000e+02 6.19785940e-01
 8.75000000e+02 4.84122573e-01
 9.25000000e+02 4.10215913e-01
 9.75000000e+02 3.37199280e-01
