   2.5000000e+01   3.6490527e-01
   7.5000000e+01   4.2209439e-01
   1.2500000e+02   4.9168510e-01
   1.7500000e+02   6.0593780e-01
   2.2500000e+02   7.3691054e-01
   2.7500000e+02   8.9067325e-01
   3.2500000e+02   1.1533896e+00
   3.7500000e+02   1.4822728e+00
   4.2500000e+02   1.9715780e+00
   4.7500000e+02   2.4578966e+00
   5.2500000e+02   2.5026424e+00
   5.7500000e+02   1.9442452e+00
   6.2500000e+02   1.6023230e+00
   6.7500000e+02   1.2368600e+00
   7.2500000e+02   9.2926373e-01
   7.7500000e+02   7.4341865e-01
   8.2500000e+02   5.9531615e-01
   8.7500000e+02   5.1909240e-01
   9.2500000e+02   4.1155245e-01
   9.7500000e+02   3.3875888e-01
