   2.5000000e+01   9.6257816e-01
   7.5000000e+01   1.2234909e+00
   1.2500000e+02   1.4032654e+00
   1.7500000e+02   1.7363039e+00
   2.2500000e+02   2.0253618e+00
   2.7500000e+02   2.5334156e+00
   3.2500000e+02   2.8553850e+00
   3.7500000e+02   3.3352844e+00
   4.2500000e+02   3.6075551e+00
   4.7500000e+02   3.7623978e+00
   5.2500000e+02   3.6531365e+00
   5.7500000e+02   3.3932122e+00
   6.2500000e+02   3.1956526e+00
   6.7500000e+02   3.0455988e+00
   7.2500000e+02   2.4206628e+00
   7.7500000e+02   2.1636957e+00
   8.2500000e+02   1.7380030e+00
   8.7500000e+02   1.5012280e+00
   9.2500000e+02   1.1383810e+00
   9.7500000e+02   9.9052276e-01
